{
 "cells": [
  {
   "cell_type": "markdown",
   "metadata": {},
   "source": [
    "## Clustering and Decision Trees\n",
    "\n",
    "### Dataset: Marketing in Banking\n",
    "\n",
    "Source: https://www.kaggle.com/janiobachmann/bank-marketing-dataset\n",
    "\n",
    "(Original source: https://archive.ics.uci.edu/ml/datasets/bank+marketing)\n",
    "\n",
    "#### Input variables:\n",
    "\n",
    "##### bank client data:\n",
    " 1. age (numeric)\n",
    " 2. job : type of job (categorical: 'admin.','blue-collar','entrepreneur','housemaid','management','retired','self-employed','services','student','technician','unemployed','unknown')\n",
    " 3. marital : marital status (categorical: 'divorced','married','single','unknown'; note: 'divorced' means divorced or widowed)\n",
    " 4. education (categorical: 'basic.4y','basic.6y','basic.9y','high.school','illiterate','professional.course','university.degree','unknown')\n",
    " 5. default: has credit in default? (categorical: 'no','yes','unknown')\n",
    " 6. housing: has housing loan? (categorical: 'no','yes','unknown')\n",
    " 7. loan: has personal loan? (categorical: 'no','yes','unknown')\n",
    "\n",
    "##### related with the last contact of the current campaign:\n",
    " 8. contact: contact communication type (categorical: 'cellular','telephone') \n",
    " 9. month: last contact month of year (categorical: 'jan', 'feb', 'mar', ..., 'nov', 'dec')\n",
    " 10. day_of_week: last contact day of the week (categorical: 'mon','tue','wed','thu','fri')\n",
    " 11. duration: last contact duration, in seconds (numeric). Important note: this attribute highly affects the output target (e.g., if duration=0 then y='no'). Yet, the duration is not known before a call is performed. Also, after the end of the call y is obviously known. Thus, this input should only be included for benchmark purposes and should be discarded if the intention is to have a realistic predictive model.\n",
    "\n",
    "##### other attributes:\n",
    " 12. campaign: number of contacts performed during this campaign and for this client (numeric, includes last contact)\n",
    " 13. pdays: number of days that passed by after the client was last contacted from a previous campaign (numeric; 999 means client was not previously contacted)\n",
    " 14. previous: number of contacts performed before this campaign and for this client (numeric)\n",
    " 15. poutcome: outcome of the previous marketing campaign (categorical: 'failure','nonexistent','success')\n",
    "\n",
    "##### social and economic context attributes\n",
    " 16. emp.var.rate: employment variation rate - quarterly indicator (numeric)\n",
    " 17. cons.price.idx: consumer price index - monthly indicator (numeric) \n",
    " 18. cons.conf.idx: consumer confidence index - monthly indicator (numeric) \n",
    " 19. euribor3m: euribor 3 month rate - daily indicator (numeric)\n",
    " 20. nr.employed: number of employees - quarterly indicator (numeric)\n",
    "\n",
    "#### Output variable (desired target):\n",
    " 21. y - has the client subscribed a term deposit? (binary: 'yes','no')\n",
    " \n",
    "### Tasks\n",
    "\n",
    "- Explore clustering algorithms on the dataset\n",
    "- Fit a decision tree on the dataset"
   ]
  },
  {
   "cell_type": "code",
   "execution_count": 13,
   "metadata": {},
   "outputs": [],
   "source": [
    "import pandas as pd\n",
    "import matplotlib.pyplot as plt\n",
    "import seaborn as sns\n",
    "\n",
    "%matplotlib inline"
   ]
  },
  {
   "cell_type": "code",
   "execution_count": 14,
   "metadata": {},
   "outputs": [
    {
     "data": {
      "text/html": [
       "<div>\n",
       "<style scoped>\n",
       "    .dataframe tbody tr th:only-of-type {\n",
       "        vertical-align: middle;\n",
       "    }\n",
       "\n",
       "    .dataframe tbody tr th {\n",
       "        vertical-align: top;\n",
       "    }\n",
       "\n",
       "    .dataframe thead th {\n",
       "        text-align: right;\n",
       "    }\n",
       "</style>\n",
       "<table border=\"1\" class=\"dataframe\">\n",
       "  <thead>\n",
       "    <tr style=\"text-align: right;\">\n",
       "      <th></th>\n",
       "      <th>age</th>\n",
       "      <th>job</th>\n",
       "      <th>marital</th>\n",
       "      <th>education</th>\n",
       "      <th>default</th>\n",
       "      <th>balance</th>\n",
       "      <th>housing</th>\n",
       "      <th>loan</th>\n",
       "      <th>contact</th>\n",
       "      <th>day</th>\n",
       "      <th>month</th>\n",
       "      <th>duration</th>\n",
       "      <th>campaign</th>\n",
       "      <th>pdays</th>\n",
       "      <th>previous</th>\n",
       "      <th>poutcome</th>\n",
       "      <th>deposit</th>\n",
       "    </tr>\n",
       "  </thead>\n",
       "  <tbody>\n",
       "    <tr>\n",
       "      <th>0</th>\n",
       "      <td>59</td>\n",
       "      <td>admin.</td>\n",
       "      <td>married</td>\n",
       "      <td>secondary</td>\n",
       "      <td>no</td>\n",
       "      <td>2343</td>\n",
       "      <td>yes</td>\n",
       "      <td>no</td>\n",
       "      <td>unknown</td>\n",
       "      <td>5</td>\n",
       "      <td>may</td>\n",
       "      <td>1042</td>\n",
       "      <td>1</td>\n",
       "      <td>-1</td>\n",
       "      <td>0</td>\n",
       "      <td>unknown</td>\n",
       "      <td>yes</td>\n",
       "    </tr>\n",
       "    <tr>\n",
       "      <th>1</th>\n",
       "      <td>56</td>\n",
       "      <td>admin.</td>\n",
       "      <td>married</td>\n",
       "      <td>secondary</td>\n",
       "      <td>no</td>\n",
       "      <td>45</td>\n",
       "      <td>no</td>\n",
       "      <td>no</td>\n",
       "      <td>unknown</td>\n",
       "      <td>5</td>\n",
       "      <td>may</td>\n",
       "      <td>1467</td>\n",
       "      <td>1</td>\n",
       "      <td>-1</td>\n",
       "      <td>0</td>\n",
       "      <td>unknown</td>\n",
       "      <td>yes</td>\n",
       "    </tr>\n",
       "    <tr>\n",
       "      <th>2</th>\n",
       "      <td>41</td>\n",
       "      <td>technician</td>\n",
       "      <td>married</td>\n",
       "      <td>secondary</td>\n",
       "      <td>no</td>\n",
       "      <td>1270</td>\n",
       "      <td>yes</td>\n",
       "      <td>no</td>\n",
       "      <td>unknown</td>\n",
       "      <td>5</td>\n",
       "      <td>may</td>\n",
       "      <td>1389</td>\n",
       "      <td>1</td>\n",
       "      <td>-1</td>\n",
       "      <td>0</td>\n",
       "      <td>unknown</td>\n",
       "      <td>yes</td>\n",
       "    </tr>\n",
       "    <tr>\n",
       "      <th>3</th>\n",
       "      <td>55</td>\n",
       "      <td>services</td>\n",
       "      <td>married</td>\n",
       "      <td>secondary</td>\n",
       "      <td>no</td>\n",
       "      <td>2476</td>\n",
       "      <td>yes</td>\n",
       "      <td>no</td>\n",
       "      <td>unknown</td>\n",
       "      <td>5</td>\n",
       "      <td>may</td>\n",
       "      <td>579</td>\n",
       "      <td>1</td>\n",
       "      <td>-1</td>\n",
       "      <td>0</td>\n",
       "      <td>unknown</td>\n",
       "      <td>yes</td>\n",
       "    </tr>\n",
       "    <tr>\n",
       "      <th>4</th>\n",
       "      <td>54</td>\n",
       "      <td>admin.</td>\n",
       "      <td>married</td>\n",
       "      <td>tertiary</td>\n",
       "      <td>no</td>\n",
       "      <td>184</td>\n",
       "      <td>no</td>\n",
       "      <td>no</td>\n",
       "      <td>unknown</td>\n",
       "      <td>5</td>\n",
       "      <td>may</td>\n",
       "      <td>673</td>\n",
       "      <td>2</td>\n",
       "      <td>-1</td>\n",
       "      <td>0</td>\n",
       "      <td>unknown</td>\n",
       "      <td>yes</td>\n",
       "    </tr>\n",
       "  </tbody>\n",
       "</table>\n",
       "</div>"
      ],
      "text/plain": [
       "   age         job  marital  education default  balance housing loan  contact  \\\n",
       "0   59      admin.  married  secondary      no     2343     yes   no  unknown   \n",
       "1   56      admin.  married  secondary      no       45      no   no  unknown   \n",
       "2   41  technician  married  secondary      no     1270     yes   no  unknown   \n",
       "3   55    services  married  secondary      no     2476     yes   no  unknown   \n",
       "4   54      admin.  married   tertiary      no      184      no   no  unknown   \n",
       "\n",
       "   day month  duration  campaign  pdays  previous poutcome deposit  \n",
       "0    5   may      1042         1     -1         0  unknown     yes  \n",
       "1    5   may      1467         1     -1         0  unknown     yes  \n",
       "2    5   may      1389         1     -1         0  unknown     yes  \n",
       "3    5   may       579         1     -1         0  unknown     yes  \n",
       "4    5   may       673         2     -1         0  unknown     yes  "
      ]
     },
     "execution_count": 14,
     "metadata": {},
     "output_type": "execute_result"
    }
   ],
   "source": [
    "df = pd.read_csv('../../data/bank-marketing/bank.csv')\n",
    "df.head()"
   ]
  },
  {
   "cell_type": "code",
   "execution_count": 15,
   "metadata": {},
   "outputs": [
    {
     "name": "stdout",
     "output_type": "stream",
     "text": [
      "<class 'pandas.core.frame.DataFrame'>\n",
      "RangeIndex: 11162 entries, 0 to 11161\n",
      "Data columns (total 17 columns):\n",
      "age          11162 non-null int64\n",
      "job          11162 non-null object\n",
      "marital      11162 non-null object\n",
      "education    11162 non-null object\n",
      "default      11162 non-null object\n",
      "balance      11162 non-null int64\n",
      "housing      11162 non-null object\n",
      "loan         11162 non-null object\n",
      "contact      11162 non-null object\n",
      "day          11162 non-null int64\n",
      "month        11162 non-null object\n",
      "duration     11162 non-null int64\n",
      "campaign     11162 non-null int64\n",
      "pdays        11162 non-null int64\n",
      "previous     11162 non-null int64\n",
      "poutcome     11162 non-null object\n",
      "deposit      11162 non-null object\n",
      "dtypes: int64(7), object(10)\n",
      "memory usage: 1.4+ MB\n"
     ]
    }
   ],
   "source": [
    "df.info()"
   ]
  },
  {
   "cell_type": "code",
   "execution_count": 16,
   "metadata": {},
   "outputs": [],
   "source": [
    "target = 'deposit'\n",
    "features = df.columns[df.columns != target]"
   ]
  },
  {
   "cell_type": "code",
   "execution_count": null,
   "metadata": {},
   "outputs": [],
   "source": []
  },
  {
   "cell_type": "markdown",
   "metadata": {},
   "source": [
    "## Data cleaning"
   ]
  },
  {
   "cell_type": "code",
   "execution_count": 17,
   "metadata": {},
   "outputs": [
    {
     "data": {
      "text/plain": [
       "age          0\n",
       "job          0\n",
       "marital      0\n",
       "education    0\n",
       "default      0\n",
       "balance      0\n",
       "housing      0\n",
       "loan         0\n",
       "contact      0\n",
       "day          0\n",
       "month        0\n",
       "duration     0\n",
       "campaign     0\n",
       "pdays        0\n",
       "previous     0\n",
       "poutcome     0\n",
       "deposit      0\n",
       "dtype: int64"
      ]
     },
     "execution_count": 17,
     "metadata": {},
     "output_type": "execute_result"
    }
   ],
   "source": [
    "df.isna().sum()"
   ]
  },
  {
   "cell_type": "markdown",
   "metadata": {},
   "source": [
    "No NaN values to clean!\n",
    "\n",
    "But there are quite a few categorical features to convert to encode."
   ]
  },
  {
   "cell_type": "code",
   "execution_count": null,
   "metadata": {},
   "outputs": [],
   "source": []
  },
  {
   "cell_type": "markdown",
   "metadata": {},
   "source": [
    "## Categorical data encoding"
   ]
  },
  {
   "cell_type": "code",
   "execution_count": 18,
   "metadata": {},
   "outputs": [
    {
     "data": {
      "text/plain": [
       "age           int64\n",
       "job          object\n",
       "marital      object\n",
       "education    object\n",
       "default      object\n",
       "balance       int64\n",
       "housing      object\n",
       "loan         object\n",
       "contact      object\n",
       "day           int64\n",
       "month        object\n",
       "duration      int64\n",
       "campaign      int64\n",
       "pdays         int64\n",
       "previous      int64\n",
       "poutcome     object\n",
       "dtype: object"
      ]
     },
     "execution_count": 18,
     "metadata": {},
     "output_type": "execute_result"
    }
   ],
   "source": [
    "df[features].dtypes"
   ]
  },
  {
   "cell_type": "code",
   "execution_count": 19,
   "metadata": {},
   "outputs": [
    {
     "name": "stdout",
     "output_type": "stream",
     "text": [
      "job ['admin.' 'technician' 'services' 'management' 'retired' 'blue-collar'\n",
      " 'unemployed' 'entrepreneur' 'housemaid' 'unknown' 'self-employed'\n",
      " 'student']\n",
      "marital ['married' 'single' 'divorced']\n",
      "education ['secondary' 'tertiary' 'primary' 'unknown']\n",
      "default ['no' 'yes']\n",
      "housing ['yes' 'no']\n",
      "loan ['no' 'yes']\n",
      "contact ['unknown' 'cellular' 'telephone']\n",
      "month ['may' 'jun' 'jul' 'aug' 'oct' 'nov' 'dec' 'jan' 'feb' 'mar' 'apr' 'sep']\n",
      "poutcome ['unknown' 'other' 'failure' 'success']\n"
     ]
    }
   ],
   "source": [
    "for f in features:\n",
    "    if (df[f].dtypes == 'object'):\n",
    "        print(f, df[f].unique())"
   ]
  },
  {
   "cell_type": "code",
   "execution_count": null,
   "metadata": {},
   "outputs": [],
   "source": []
  },
  {
   "cell_type": "markdown",
   "metadata": {},
   "source": [
    "For simplicity, let's label encode these categorical features.\n",
    "\n",
    "How to one-hot encode, for reference:\n",
    "```\n",
    "pd.get_dummies(df['marital'])\n",
    "```"
   ]
  },
  {
   "cell_type": "code",
   "execution_count": 20,
   "metadata": {},
   "outputs": [],
   "source": [
    "from sklearn.preprocessing import LabelEncoder\n",
    "\n",
    "# store encoders in a dictionary so that we can refer to them easily for using / saving / loading\n",
    "encoders = dict()\n",
    "\n",
    "for f in features:\n",
    "    if (df[f].dtypes == 'object'):\n",
    "        encoder = LabelEncoder()\n",
    "        encoder.fit(df[f])        \n",
    "        df[f] = encoder.transform(df[f])\n",
    "        encoders[f] = encoder"
   ]
  },
  {
   "cell_type": "code",
   "execution_count": 21,
   "metadata": {},
   "outputs": [
    {
     "data": {
      "text/plain": [
       "{'job': LabelEncoder(),\n",
       " 'marital': LabelEncoder(),\n",
       " 'education': LabelEncoder(),\n",
       " 'default': LabelEncoder(),\n",
       " 'housing': LabelEncoder(),\n",
       " 'loan': LabelEncoder(),\n",
       " 'contact': LabelEncoder(),\n",
       " 'month': LabelEncoder(),\n",
       " 'poutcome': LabelEncoder()}"
      ]
     },
     "execution_count": 21,
     "metadata": {},
     "output_type": "execute_result"
    }
   ],
   "source": [
    "# inspect the encoders\n",
    "encoders"
   ]
  },
  {
   "cell_type": "code",
   "execution_count": 22,
   "metadata": {},
   "outputs": [
    {
     "name": "stdout",
     "output_type": "stream",
     "text": [
      "job [ 0  9  7  4  5  1 10  2  3 11  6  8] ['admin.' 'blue-collar' 'entrepreneur' 'housemaid' 'management' 'retired'\n",
      " 'self-employed' 'services' 'student' 'technician' 'unemployed' 'unknown']\n",
      "marital [1 2 0] ['divorced' 'married' 'single']\n",
      "education [1 2 0 3] ['primary' 'secondary' 'tertiary' 'unknown']\n",
      "default [0 1] ['no' 'yes']\n",
      "housing [1 0] ['no' 'yes']\n",
      "loan [0 1] ['no' 'yes']\n",
      "contact [2 0 1] ['cellular' 'telephone' 'unknown']\n",
      "month [ 8  6  5  1 10  9  2  4  3  7  0 11] ['apr' 'aug' 'dec' 'feb' 'jan' 'jul' 'jun' 'mar' 'may' 'nov' 'oct' 'sep']\n",
      "poutcome [3 1 0 2] ['failure' 'other' 'success' 'unknown']\n"
     ]
    }
   ],
   "source": [
    "# inspect the encoded classes\n",
    "for k, v in encoders.items():\n",
    "    print(k, df[k].unique(), v.classes_)"
   ]
  },
  {
   "cell_type": "code",
   "execution_count": null,
   "metadata": {},
   "outputs": [],
   "source": []
  },
  {
   "cell_type": "markdown",
   "metadata": {},
   "source": [
    "Let's encode the target as well.\n",
    "\n",
    "Since target encoders are generally used for decoding predictions, we will keep it separate from the feature encoders."
   ]
  },
  {
   "cell_type": "code",
   "execution_count": 23,
   "metadata": {},
   "outputs": [
    {
     "name": "stdout",
     "output_type": "stream",
     "text": [
      "deposit [1 0] ['no' 'yes']\n"
     ]
    }
   ],
   "source": [
    "y_encoder = LabelEncoder()\n",
    "y_encoder.fit(df[target])\n",
    "df[target] = y_encoder.transform(df[target])\n",
    "\n",
    "print(target, df[target].unique(), y_encoder.classes_)"
   ]
  },
  {
   "cell_type": "code",
   "execution_count": null,
   "metadata": {},
   "outputs": [],
   "source": []
  },
  {
   "cell_type": "markdown",
   "metadata": {},
   "source": [
    "## Data exploration"
   ]
  },
  {
   "cell_type": "code",
   "execution_count": 24,
   "metadata": {},
   "outputs": [
    {
     "data": {
      "text/html": [
       "<div>\n",
       "<style scoped>\n",
       "    .dataframe tbody tr th:only-of-type {\n",
       "        vertical-align: middle;\n",
       "    }\n",
       "\n",
       "    .dataframe tbody tr th {\n",
       "        vertical-align: top;\n",
       "    }\n",
       "\n",
       "    .dataframe thead th {\n",
       "        text-align: right;\n",
       "    }\n",
       "</style>\n",
       "<table border=\"1\" class=\"dataframe\">\n",
       "  <thead>\n",
       "    <tr style=\"text-align: right;\">\n",
       "      <th></th>\n",
       "      <th>age</th>\n",
       "      <th>job</th>\n",
       "      <th>marital</th>\n",
       "      <th>education</th>\n",
       "      <th>default</th>\n",
       "      <th>balance</th>\n",
       "      <th>housing</th>\n",
       "      <th>loan</th>\n",
       "      <th>contact</th>\n",
       "      <th>day</th>\n",
       "      <th>month</th>\n",
       "      <th>duration</th>\n",
       "      <th>campaign</th>\n",
       "      <th>pdays</th>\n",
       "      <th>previous</th>\n",
       "      <th>poutcome</th>\n",
       "      <th>deposit</th>\n",
       "    </tr>\n",
       "  </thead>\n",
       "  <tbody>\n",
       "    <tr>\n",
       "      <th>age</th>\n",
       "      <td>1.000000</td>\n",
       "      <td>-0.031603</td>\n",
       "      <td>-0.442782</td>\n",
       "      <td>-0.126018</td>\n",
       "      <td>-0.011425</td>\n",
       "      <td>0.112300</td>\n",
       "      <td>-0.168700</td>\n",
       "      <td>-0.031418</td>\n",
       "      <td>0.027762</td>\n",
       "      <td>-0.000762</td>\n",
       "      <td>-0.026130</td>\n",
       "      <td>0.000189</td>\n",
       "      <td>-0.005278</td>\n",
       "      <td>0.002774</td>\n",
       "      <td>0.020169</td>\n",
       "      <td>-0.002699</td>\n",
       "      <td>0.034901</td>\n",
       "    </tr>\n",
       "    <tr>\n",
       "      <th>job</th>\n",
       "      <td>-0.031603</td>\n",
       "      <td>1.000000</td>\n",
       "      <td>0.078314</td>\n",
       "      <td>0.147046</td>\n",
       "      <td>-0.007066</td>\n",
       "      <td>0.028736</td>\n",
       "      <td>-0.136965</td>\n",
       "      <td>-0.067092</td>\n",
       "      <td>-0.087915</td>\n",
       "      <td>0.026589</td>\n",
       "      <td>-0.076011</td>\n",
       "      <td>0.002432</td>\n",
       "      <td>0.003104</td>\n",
       "      <td>-0.003385</td>\n",
       "      <td>0.012665</td>\n",
       "      <td>-0.004238</td>\n",
       "      <td>0.063395</td>\n",
       "    </tr>\n",
       "    <tr>\n",
       "      <th>marital</th>\n",
       "      <td>-0.442782</td>\n",
       "      <td>0.078314</td>\n",
       "      <td>1.000000</td>\n",
       "      <td>0.125845</td>\n",
       "      <td>-0.014691</td>\n",
       "      <td>-0.002138</td>\n",
       "      <td>-0.036345</td>\n",
       "      <td>-0.062029</td>\n",
       "      <td>-0.060456</td>\n",
       "      <td>-0.003642</td>\n",
       "      <td>-0.004070</td>\n",
       "      <td>0.006781</td>\n",
       "      <td>-0.030794</td>\n",
       "      <td>0.031200</td>\n",
       "      <td>0.031281</td>\n",
       "      <td>-0.039424</td>\n",
       "      <td>0.067610</td>\n",
       "    </tr>\n",
       "    <tr>\n",
       "      <th>education</th>\n",
       "      <td>-0.126018</td>\n",
       "      <td>0.147046</td>\n",
       "      <td>0.125845</td>\n",
       "      <td>1.000000</td>\n",
       "      <td>-0.010709</td>\n",
       "      <td>0.051728</td>\n",
       "      <td>-0.109168</td>\n",
       "      <td>-0.073154</td>\n",
       "      <td>-0.132540</td>\n",
       "      <td>0.016759</td>\n",
       "      <td>-0.055868</td>\n",
       "      <td>-0.019122</td>\n",
       "      <td>-0.005327</td>\n",
       "      <td>0.025165</td>\n",
       "      <td>0.022427</td>\n",
       "      <td>-0.040262</td>\n",
       "      <td>0.095948</td>\n",
       "    </tr>\n",
       "    <tr>\n",
       "      <th>default</th>\n",
       "      <td>-0.011425</td>\n",
       "      <td>-0.007066</td>\n",
       "      <td>-0.014691</td>\n",
       "      <td>-0.010709</td>\n",
       "      <td>1.000000</td>\n",
       "      <td>-0.060954</td>\n",
       "      <td>0.011076</td>\n",
       "      <td>0.076434</td>\n",
       "      <td>0.035709</td>\n",
       "      <td>0.017342</td>\n",
       "      <td>0.000950</td>\n",
       "      <td>-0.009760</td>\n",
       "      <td>0.030975</td>\n",
       "      <td>-0.036282</td>\n",
       "      <td>-0.035273</td>\n",
       "      <td>0.042357</td>\n",
       "      <td>-0.040680</td>\n",
       "    </tr>\n",
       "    <tr>\n",
       "      <th>balance</th>\n",
       "      <td>0.112300</td>\n",
       "      <td>0.028736</td>\n",
       "      <td>-0.002138</td>\n",
       "      <td>0.051728</td>\n",
       "      <td>-0.060954</td>\n",
       "      <td>1.000000</td>\n",
       "      <td>-0.077092</td>\n",
       "      <td>-0.084589</td>\n",
       "      <td>-0.027295</td>\n",
       "      <td>0.010467</td>\n",
       "      <td>0.007264</td>\n",
       "      <td>0.022436</td>\n",
       "      <td>-0.013894</td>\n",
       "      <td>0.017411</td>\n",
       "      <td>0.030805</td>\n",
       "      <td>-0.027151</td>\n",
       "      <td>0.081129</td>\n",
       "    </tr>\n",
       "    <tr>\n",
       "      <th>housing</th>\n",
       "      <td>-0.168700</td>\n",
       "      <td>-0.136965</td>\n",
       "      <td>-0.036345</td>\n",
       "      <td>-0.109168</td>\n",
       "      <td>0.011076</td>\n",
       "      <td>-0.077092</td>\n",
       "      <td>1.000000</td>\n",
       "      <td>0.076761</td>\n",
       "      <td>0.226392</td>\n",
       "      <td>-0.014770</td>\n",
       "      <td>0.219602</td>\n",
       "      <td>0.035051</td>\n",
       "      <td>0.006660</td>\n",
       "      <td>0.064497</td>\n",
       "      <td>-0.000840</td>\n",
       "      <td>-0.046370</td>\n",
       "      <td>-0.203888</td>\n",
       "    </tr>\n",
       "    <tr>\n",
       "      <th>loan</th>\n",
       "      <td>-0.031418</td>\n",
       "      <td>-0.067092</td>\n",
       "      <td>-0.062029</td>\n",
       "      <td>-0.073154</td>\n",
       "      <td>0.076434</td>\n",
       "      <td>-0.084589</td>\n",
       "      <td>0.076761</td>\n",
       "      <td>1.000000</td>\n",
       "      <td>0.006829</td>\n",
       "      <td>0.017269</td>\n",
       "      <td>0.025329</td>\n",
       "      <td>-0.001914</td>\n",
       "      <td>0.034722</td>\n",
       "      <td>-0.030416</td>\n",
       "      <td>-0.022668</td>\n",
       "      <td>0.026344</td>\n",
       "      <td>-0.110580</td>\n",
       "    </tr>\n",
       "    <tr>\n",
       "      <th>contact</th>\n",
       "      <td>0.027762</td>\n",
       "      <td>-0.087915</td>\n",
       "      <td>-0.060456</td>\n",
       "      <td>-0.132540</td>\n",
       "      <td>0.035709</td>\n",
       "      <td>-0.027295</td>\n",
       "      <td>0.226392</td>\n",
       "      <td>0.006829</td>\n",
       "      <td>1.000000</td>\n",
       "      <td>0.007943</td>\n",
       "      <td>0.289803</td>\n",
       "      <td>-0.018000</td>\n",
       "      <td>0.059258</td>\n",
       "      <td>-0.227785</td>\n",
       "      <td>-0.169919</td>\n",
       "      <td>0.257993</td>\n",
       "      <td>-0.249847</td>\n",
       "    </tr>\n",
       "    <tr>\n",
       "      <th>day</th>\n",
       "      <td>-0.000762</td>\n",
       "      <td>0.026589</td>\n",
       "      <td>-0.003642</td>\n",
       "      <td>0.016759</td>\n",
       "      <td>0.017342</td>\n",
       "      <td>0.010467</td>\n",
       "      <td>-0.014770</td>\n",
       "      <td>0.017269</td>\n",
       "      <td>0.007943</td>\n",
       "      <td>1.000000</td>\n",
       "      <td>-0.019840</td>\n",
       "      <td>-0.018511</td>\n",
       "      <td>0.137007</td>\n",
       "      <td>-0.077232</td>\n",
       "      <td>-0.058981</td>\n",
       "      <td>0.080221</td>\n",
       "      <td>-0.056326</td>\n",
       "    </tr>\n",
       "    <tr>\n",
       "      <th>month</th>\n",
       "      <td>-0.026130</td>\n",
       "      <td>-0.076011</td>\n",
       "      <td>-0.004070</td>\n",
       "      <td>-0.055868</td>\n",
       "      <td>0.000950</td>\n",
       "      <td>0.007264</td>\n",
       "      <td>0.219602</td>\n",
       "      <td>0.025329</td>\n",
       "      <td>0.289803</td>\n",
       "      <td>-0.019840</td>\n",
       "      <td>1.000000</td>\n",
       "      <td>-0.006482</td>\n",
       "      <td>-0.098123</td>\n",
       "      <td>0.033631</td>\n",
       "      <td>0.029283</td>\n",
       "      <td>-0.042456</td>\n",
       "      <td>-0.037121</td>\n",
       "    </tr>\n",
       "    <tr>\n",
       "      <th>duration</th>\n",
       "      <td>0.000189</td>\n",
       "      <td>0.002432</td>\n",
       "      <td>0.006781</td>\n",
       "      <td>-0.019122</td>\n",
       "      <td>-0.009760</td>\n",
       "      <td>0.022436</td>\n",
       "      <td>0.035051</td>\n",
       "      <td>-0.001914</td>\n",
       "      <td>-0.018000</td>\n",
       "      <td>-0.018511</td>\n",
       "      <td>-0.006482</td>\n",
       "      <td>1.000000</td>\n",
       "      <td>-0.041557</td>\n",
       "      <td>-0.027392</td>\n",
       "      <td>-0.026716</td>\n",
       "      <td>0.042171</td>\n",
       "      <td>0.451919</td>\n",
       "    </tr>\n",
       "    <tr>\n",
       "      <th>campaign</th>\n",
       "      <td>-0.005278</td>\n",
       "      <td>0.003104</td>\n",
       "      <td>-0.030794</td>\n",
       "      <td>-0.005327</td>\n",
       "      <td>0.030975</td>\n",
       "      <td>-0.013894</td>\n",
       "      <td>0.006660</td>\n",
       "      <td>0.034722</td>\n",
       "      <td>0.059258</td>\n",
       "      <td>0.137007</td>\n",
       "      <td>-0.098123</td>\n",
       "      <td>-0.041557</td>\n",
       "      <td>1.000000</td>\n",
       "      <td>-0.102726</td>\n",
       "      <td>-0.049699</td>\n",
       "      <td>0.112127</td>\n",
       "      <td>-0.128081</td>\n",
       "    </tr>\n",
       "    <tr>\n",
       "      <th>pdays</th>\n",
       "      <td>0.002774</td>\n",
       "      <td>-0.003385</td>\n",
       "      <td>0.031200</td>\n",
       "      <td>0.025165</td>\n",
       "      <td>-0.036282</td>\n",
       "      <td>0.017411</td>\n",
       "      <td>0.064497</td>\n",
       "      <td>-0.030416</td>\n",
       "      <td>-0.227785</td>\n",
       "      <td>-0.077232</td>\n",
       "      <td>0.033631</td>\n",
       "      <td>-0.027392</td>\n",
       "      <td>-0.102726</td>\n",
       "      <td>1.000000</td>\n",
       "      <td>0.507272</td>\n",
       "      <td>-0.806533</td>\n",
       "      <td>0.151593</td>\n",
       "    </tr>\n",
       "    <tr>\n",
       "      <th>previous</th>\n",
       "      <td>0.020169</td>\n",
       "      <td>0.012665</td>\n",
       "      <td>0.031281</td>\n",
       "      <td>0.022427</td>\n",
       "      <td>-0.035273</td>\n",
       "      <td>0.030805</td>\n",
       "      <td>-0.000840</td>\n",
       "      <td>-0.022668</td>\n",
       "      <td>-0.169919</td>\n",
       "      <td>-0.058981</td>\n",
       "      <td>0.029283</td>\n",
       "      <td>-0.026716</td>\n",
       "      <td>-0.049699</td>\n",
       "      <td>0.507272</td>\n",
       "      <td>1.000000</td>\n",
       "      <td>-0.549333</td>\n",
       "      <td>0.139867</td>\n",
       "    </tr>\n",
       "    <tr>\n",
       "      <th>poutcome</th>\n",
       "      <td>-0.002699</td>\n",
       "      <td>-0.004238</td>\n",
       "      <td>-0.039424</td>\n",
       "      <td>-0.040262</td>\n",
       "      <td>0.042357</td>\n",
       "      <td>-0.027151</td>\n",
       "      <td>-0.046370</td>\n",
       "      <td>0.026344</td>\n",
       "      <td>0.257993</td>\n",
       "      <td>0.080221</td>\n",
       "      <td>-0.042456</td>\n",
       "      <td>0.042171</td>\n",
       "      <td>0.112127</td>\n",
       "      <td>-0.806533</td>\n",
       "      <td>-0.549333</td>\n",
       "      <td>1.000000</td>\n",
       "      <td>-0.122369</td>\n",
       "    </tr>\n",
       "    <tr>\n",
       "      <th>deposit</th>\n",
       "      <td>0.034901</td>\n",
       "      <td>0.063395</td>\n",
       "      <td>0.067610</td>\n",
       "      <td>0.095948</td>\n",
       "      <td>-0.040680</td>\n",
       "      <td>0.081129</td>\n",
       "      <td>-0.203888</td>\n",
       "      <td>-0.110580</td>\n",
       "      <td>-0.249847</td>\n",
       "      <td>-0.056326</td>\n",
       "      <td>-0.037121</td>\n",
       "      <td>0.451919</td>\n",
       "      <td>-0.128081</td>\n",
       "      <td>0.151593</td>\n",
       "      <td>0.139867</td>\n",
       "      <td>-0.122369</td>\n",
       "      <td>1.000000</td>\n",
       "    </tr>\n",
       "  </tbody>\n",
       "</table>\n",
       "</div>"
      ],
      "text/plain": [
       "                age       job   marital  education   default   balance  \\\n",
       "age        1.000000 -0.031603 -0.442782  -0.126018 -0.011425  0.112300   \n",
       "job       -0.031603  1.000000  0.078314   0.147046 -0.007066  0.028736   \n",
       "marital   -0.442782  0.078314  1.000000   0.125845 -0.014691 -0.002138   \n",
       "education -0.126018  0.147046  0.125845   1.000000 -0.010709  0.051728   \n",
       "default   -0.011425 -0.007066 -0.014691  -0.010709  1.000000 -0.060954   \n",
       "balance    0.112300  0.028736 -0.002138   0.051728 -0.060954  1.000000   \n",
       "housing   -0.168700 -0.136965 -0.036345  -0.109168  0.011076 -0.077092   \n",
       "loan      -0.031418 -0.067092 -0.062029  -0.073154  0.076434 -0.084589   \n",
       "contact    0.027762 -0.087915 -0.060456  -0.132540  0.035709 -0.027295   \n",
       "day       -0.000762  0.026589 -0.003642   0.016759  0.017342  0.010467   \n",
       "month     -0.026130 -0.076011 -0.004070  -0.055868  0.000950  0.007264   \n",
       "duration   0.000189  0.002432  0.006781  -0.019122 -0.009760  0.022436   \n",
       "campaign  -0.005278  0.003104 -0.030794  -0.005327  0.030975 -0.013894   \n",
       "pdays      0.002774 -0.003385  0.031200   0.025165 -0.036282  0.017411   \n",
       "previous   0.020169  0.012665  0.031281   0.022427 -0.035273  0.030805   \n",
       "poutcome  -0.002699 -0.004238 -0.039424  -0.040262  0.042357 -0.027151   \n",
       "deposit    0.034901  0.063395  0.067610   0.095948 -0.040680  0.081129   \n",
       "\n",
       "            housing      loan   contact       day     month  duration  \\\n",
       "age       -0.168700 -0.031418  0.027762 -0.000762 -0.026130  0.000189   \n",
       "job       -0.136965 -0.067092 -0.087915  0.026589 -0.076011  0.002432   \n",
       "marital   -0.036345 -0.062029 -0.060456 -0.003642 -0.004070  0.006781   \n",
       "education -0.109168 -0.073154 -0.132540  0.016759 -0.055868 -0.019122   \n",
       "default    0.011076  0.076434  0.035709  0.017342  0.000950 -0.009760   \n",
       "balance   -0.077092 -0.084589 -0.027295  0.010467  0.007264  0.022436   \n",
       "housing    1.000000  0.076761  0.226392 -0.014770  0.219602  0.035051   \n",
       "loan       0.076761  1.000000  0.006829  0.017269  0.025329 -0.001914   \n",
       "contact    0.226392  0.006829  1.000000  0.007943  0.289803 -0.018000   \n",
       "day       -0.014770  0.017269  0.007943  1.000000 -0.019840 -0.018511   \n",
       "month      0.219602  0.025329  0.289803 -0.019840  1.000000 -0.006482   \n",
       "duration   0.035051 -0.001914 -0.018000 -0.018511 -0.006482  1.000000   \n",
       "campaign   0.006660  0.034722  0.059258  0.137007 -0.098123 -0.041557   \n",
       "pdays      0.064497 -0.030416 -0.227785 -0.077232  0.033631 -0.027392   \n",
       "previous  -0.000840 -0.022668 -0.169919 -0.058981  0.029283 -0.026716   \n",
       "poutcome  -0.046370  0.026344  0.257993  0.080221 -0.042456  0.042171   \n",
       "deposit   -0.203888 -0.110580 -0.249847 -0.056326 -0.037121  0.451919   \n",
       "\n",
       "           campaign     pdays  previous  poutcome   deposit  \n",
       "age       -0.005278  0.002774  0.020169 -0.002699  0.034901  \n",
       "job        0.003104 -0.003385  0.012665 -0.004238  0.063395  \n",
       "marital   -0.030794  0.031200  0.031281 -0.039424  0.067610  \n",
       "education -0.005327  0.025165  0.022427 -0.040262  0.095948  \n",
       "default    0.030975 -0.036282 -0.035273  0.042357 -0.040680  \n",
       "balance   -0.013894  0.017411  0.030805 -0.027151  0.081129  \n",
       "housing    0.006660  0.064497 -0.000840 -0.046370 -0.203888  \n",
       "loan       0.034722 -0.030416 -0.022668  0.026344 -0.110580  \n",
       "contact    0.059258 -0.227785 -0.169919  0.257993 -0.249847  \n",
       "day        0.137007 -0.077232 -0.058981  0.080221 -0.056326  \n",
       "month     -0.098123  0.033631  0.029283 -0.042456 -0.037121  \n",
       "duration  -0.041557 -0.027392 -0.026716  0.042171  0.451919  \n",
       "campaign   1.000000 -0.102726 -0.049699  0.112127 -0.128081  \n",
       "pdays     -0.102726  1.000000  0.507272 -0.806533  0.151593  \n",
       "previous  -0.049699  0.507272  1.000000 -0.549333  0.139867  \n",
       "poutcome   0.112127 -0.806533 -0.549333  1.000000 -0.122369  \n",
       "deposit   -0.128081  0.151593  0.139867 -0.122369  1.000000  "
      ]
     },
     "execution_count": 24,
     "metadata": {},
     "output_type": "execute_result"
    }
   ],
   "source": [
    "df.corr()"
   ]
  },
  {
   "cell_type": "code",
   "execution_count": 25,
   "metadata": {},
   "outputs": [
    {
     "data": {
      "text/plain": [
       "<matplotlib.axes._subplots.AxesSubplot at 0x1d5e18419e8>"
      ]
     },
     "execution_count": 25,
     "metadata": {},
     "output_type": "execute_result"
    },
    {
     "data": {
